750
615 339
251 831
151 272
120 382
37 545
432 927
724 727
82 869
127
179
197
219
744 732
40 389
947 3
852 905
361 391
436 435
240 332
742 908
604 738
260
294
416
521 263
9 896
594 937
255 963
528 664
165 434
707 998
88 558
488
546
557
588
154 113
162 195
105 779
861 606
771 150
67 795
490 801
641 936
719 613
459 590
73 805
776 875
601 71
628 666
645
314 543
286 44
746 50
728 885
413 181
730 27
602 22
919 63
478 425
725
732
25 137
547 313
878 729
495 922
288 442
222 252
177 465
536 769
789 958
865 815
761
617 329
846 964
4 277
539 367
259 777
616 407
439 820
104 114
663 560
554 935
949 863
591 596
779
836
887 576
256 376
134 504
452 32
627 507
684 430
464 579
962
751 561
832 994
960 433
899 451
90 858
509 756
482 48
350 920
517 198
396 163
284 95
774 319
754 274
585 223
59 6
580 595
660 782
487 635
110 356
219 204
555 411
736 991
70 952
266 129
159 573
624 529
876 834
582 234
871 786
218 898
113
248 175
873 855
480 166
11 287
188 686
525 775
34 867
130 864
705 124
328 156
280 584
512 155
970 577
172 460
446 715
771
802
969
574 685
484 556
184 74
191 633
977 665
216 995
10 349
485 877
133 300
364 444
792 305
89 30
202 755
693 886
143 996
100 331
501 540
47 990
745
890
629 381
677 549
980 20
516 857
36 406
550
638
723
728
623 19
924 993
281 301
479 285
956 880
336 148
273 362
492 605
656 640
212 55
593 346
497
567
508 320
982 740
888 943
118 626
566 965
608 811
822 931
375 45
217
241
286
314
472
328
358
362
369
396
400
406
421
430
442
460
483
526
596
597
604
605
669
687
719
754
786
815
821
852
865
886
906
922
935
978
7
24
29
62
63
100
140
177
193
212
213
243 797
802 187
619 723
201 962
969 103
721 714
743 674
760 643
321 794
562 907
862 951
798 15
298 850
154
196
222
240
274
283
309
319
439
440
446
473
514
536
560
565
591
593
640
656
682
693
724
727
776
787
804
811
827
839
849
850
851
875
908
925
931
933
975
997
1
45
75
77
121
863
136
174
184
186
209
239
298
303
511 127
518 872
126 830
208 102
845 708
405 812
787 75
174 895
428 968
62 884
672 224
78
109
125
312
315
332
342
346
356
377
378
380
412
425
453
486
489
491
519
520
540
574
611
652
658
667
672
680
690
692
702
713
733
742
778
785
790
791
807
809
819
822
823
826
842
869
874
893
895
917
983
74
107
110
112
164
170
176
205
230
235
258
293
316
197 471
550 557
289 654
762 109
675 261
292 233
491 785
269 489
22
323
325
326
334
340
351
354
357
374
379
397
431
441
515
531
538
556
575
592
621
647
655
678
730
738
741
747
764
767
772
829
843
848
854
914
938
955
966
976
14
16
588 262
745 392
725 408
83 108
18 825
81 450
510 85
790 519
377 632
342 631
1 412
28
83
17
33
42
132
43
135
141
192
194
210
220
268
276
282
308
317
333
420
448
477
493
505
506
569
602
626
639
642
646
649
691
694
722
734
748
766
780
784
859
948
959
971
989
56
122
334 791
589 809
747 917
209 976
264 893
781 316
637 295
13
19
38
50
87
145
149
181
187
201
211
216
247
254
275
277
287
300
301
320
329
367
381
387
404
468
508
555
559
561
576
606
623
654
706
739
746
775
799
867
877
889
913
924
939
942
950
954
964
994
258 946
938 788
974 854
713 449
667 322
246 220
374 112
417 132
542 531
618 848
683 901
634 767
397 592
293 326
4
5
11
23
34
81
89
90
92
103
139
148
166
228
281
296
302
313
348
349
360
364
370
411
423
429
433
450
451
457
467
479
485
504
509
539
541
480
551
616
629
644
648
677
679
704
729
755
756
757
768
777
792
803
830
855
864
880
887
899
923
963
972
700 306
325 54
291 43
548 691
466 603
205 496
909 16
642 941
523 940
9
21
35
48
70
98
106
167
202
208
265
292
305
389
456
462
463
499
500
507
530
532
549
594
613
614
627
641
688
712
736
860
896
900
905
907
926
936
951
986
916 694
748 427
699 420
180 403
282 14
766 17
959 587
859 578
783 569
84 97
192 308
210 333
477 892
3
25
41
111
120
159
189
245
251
272
347
352
361
391
393
435
436
502
516
533
554
570
584
610
650
663
671
707
708
718
743
812
820
831
844
845
870
878
888
921
944
970
987
998
39
60
73
142
178
203
225
229
232
233
255
261
267
278
279
284
299
311
992
